15 6 13
6 89 35
3 50 30
x
x
3 90 31
x
4 38 31
1 45 14
x
6 23 17
15 57 29
x
11 89 5
0 31 6
15 54 23
3 65 42
9 52 44
7 6 16
8 99 11
7 97 14
x
x
0 52 7
9 57 16
4 99 23
13 72 43
x
4 34 32
x
15 60 30
6 94 36
15 81 24
13 21 19
3 62 32
9 15 4
x
x
x
x
13 28 37
0 89 14
x
13 32 38
6 6 24
11 92 6
4 45 33
x
12 85 20
8 72 32
0 36 42
x
12 42 27
x
12 92 21
x
5 84 26
4 84 42
0 41 36
0 0 0
0 94 15
x
x
x
9 66 17
9 19 5
1 97 15
4 89 43
14 90 3
1 25 33
11 58 40
x
11 61 41
12 44 32
14 13 44
x
13 36 39
6 74 25
15 29 14
10 61 20
11 68 42
10 83 5
13 40 8
14 64 16
x
x
3 15 3
13 79 0
x
0 57 8
8 24 7
11 16 33
7 10 17
2 90 8
11 26 34
14 66 17
12 49 33
x
15 63 31
5 45 35
14 68 18
x
1 0 16
x
x
6 27 18
14 0 24
12 96 22
x
0 62 9
7 64 31
x
x
1 77 29
0 67 10
x
x
7 39 37
15 2 4
1 5 17
1 82 30
x
10 96 12
1 87 31
1 92 32
12 69 37
11 77 35
10 88 6
5 93 27
12 71 38
x
x
0 5 1
14 70 26
6 31 34
3 46 4
0 72 40
0 99 41
x
8 75 33
15 40 15
13 0 23
14 94 37
x
4 94 44
5 49 36
11 38 13
x
x
2 15 36
x
13 3 24
x
4 20 5
2 66 3
12 0 40
x
x
9 62 8
12 16 7
x
2 0 33
x
9 71 0
5 81 28
6 34 19
x
x
7 67 32
x
14 3 19
9 24 6
14 72 27
x
x
x
5 5 42
x
6 0 28
2 95 9
3 85 24
0 74 11
5 53 37
7 70 33
7 3 30
8 49 9
x
4 49 34
9 85 1
x
x
15 90 25
x
5 57 38
x
13 6 25
x
3 95 25
3 38 16
10 65 21
x
3 42 17
7 44 38
7 85 9
13 44 20
x
x
11 0 22
x
x
x
x
15 9 5
x
x
12 73 39
12 75 8
9 75 18
x
4 24 6
14 74 28
6 38 20
0 43 43
x
x
7 14 18
14 11 25
15 13 6
5 61 39
14 26 37
13 84 1
x
2 49 44
13 25 32
x
x
3 53 18
x
2 5 34
x
15 92 32
5 98 29
13 89 2
3 0 10
2 20 37
8 78 34
9 80 19
5 10 43
13 9 44
12 4 41
1 10 18
3 71 29
x
11 4 23
14 97 38
x
11 42 26
2 25 38
x
13 94 3
8 53 10
5 65 40
8 58 11
x
13 53 33
15 42 16
11 71 43
8 84 35
13 60 34
x
x
x
15 17 7
x
2 53 0
15 66 38
x
x
x
10 15 35
8 87 36
14 99 39
7 73 34
12 19 9
x
1 38 42
7 76 24
x
x
x
10 37 36
x
4 53 35
15 94 33
12 22 10
0 11 2
15 44 17
5 69 41
11 21 9
14 76 29
x
x
10 69 8
x
5 73 24
10 24 2
2 10 35
6 42 21
7 49 39
10 27 26
1 15 19
x
13 62 35
15 69 39
x
2 57 1
12 25 11
x
14 23 10
x
1 20 20
4 41 7
3 5 11
x
9 28 12
2 74 4
x
9 32 13
x
14 78 30
8 29 0
12 8 42
1 28 21
11 95 12
x
7 54 40
5 0 0
7 89 10
x
12 77 0
4 57 36
15 96 34
6 8 29
x
4 0 26
x
11 74 7
1 60 36
6 13 30
12 40 3
8 92 37
15 72 8
0 16 3
15 98 35
4 61 3
6 80 42
9 90 20
11 8 24
5 15 44
9 95 21
15 46 18
6 18 16
x
x
12 28 13
x
7 18 19
12 79 1
x
4 64 37
14 80 31
0 21 4
x
10 72 0
1 33 22
11 79 14
8 95 38
10 30 27
x
8 34 1
6 46 22
1 40 23
7 59 41
13 64 36
3 58 19
x
2 78 5
2 30 39
x
3 67 20
9 36 39
x
12 12 43
x
10 75 1
15 21 9
13 77 4
13 49 21
12 54 34
15 75 19
x
0 79 12
15 25 10
14 48 11
10 33 28
15 78 20
11 28 10
x
15 48 26
5 35 1
10 46 37
11 85 3
10 40 29
x
8 62 30
10 0 22
7 22 20
14 82 43
6 50 23
6 54 8
3 10 12
3 19 13
x
9 39 40
x
15 32 11
x
5 20 31
1 49 24
11 64 30
8 9 15
11 46 27
3 34 40
3 36 41
2 35 40
0 26 5
8 39 2
x
12 31 14
6 58 9
7 79 25
14 18 4
x
5 25 32
11 33 11
12 88 5
10 5 23
x
10 10 24
x
12 59 35
10 43 44
2 62 2
9 43 41
x
x
5 89 2
x
0 48 26
14 28 5
7 93 11
9 0 7
x
12 90 6
10 49 16
7 26 21
x
x
x
13 56 22
11 98 31
x
x
12 64 36
x
x
x
14 7 23
x
x
9 46 42
8 12 3
x
2 45 27
x
5 30 33
2 70 28
x
10 52 17
6 83 43
x
x
15 0 44
14 51 12
5 39 34
11 18 2
x
3 24 14
5 77 25
x
x
13 12 16
x
11 50 28
9 88 30
13 99 7
x
4 68 38
10 78 4
14 54 13
x
4 72 39
2 40 41
4 5 27
15 50 27
14 84 0
x
8 44 14
7 30 22
1 55 25
1 62 26
6 62 10
6 99 31
10 18 25
x
x
8 70 8
13 15 17
x
x
x
x
4 76 40
x
x
6 66 11
14 86 1
12 34 15
12 81 2
x
14 88 2
10 55 18
x
x
x
x
x
15 36 12
13 66 40
7 82 8
14 33 6
x
10 81 32
4 10 28
9 49 43
x
x
4 15 29
0 84 13
12 99 9
15 52 28
13 18 18
x
x
x
6 86 44
13 68 41
1 67 27
x
x
6 70 12
x
8 15 4
8 66 31
4 29 30
7 35 23
3 29 15
x
15 84 21
x
15 87 22
x
14 38 7
1 72 28
8 0 12
11 82 15
2 82 6
8 18 5
11 54 29
x
x
9 5 15
8 4 13
x
12 37 26
x
x
14 57 14
8 21 6
x
x
13 70 42
2 86 7
9 10 3
x
10 93 38
11 12 25
7 0 29
x
3 73 21
3 77 22
6 76 13
10 58 19
14 60 15
x
8 81 39
x
x
14 43 9
3 81 23
x
12 83 4
x
8 90 10
4 80 41
