15 29 30
7 24 30
1 25 18
x
x
3 90 38
x
3 47 14
2 45 11
x
5 69 19
15 57 10
x
12 16 39
0 16 3
15 54 23
6 99 4
9 49 19
6 79 35
12 90 18
7 97 11
x
x
1 15 3
9 54 17
9 22 5
13 89 27
x
4 15 38
x
15 60 11
7 29 31
15 81 24
13 28 1
3 50 15
8 63 41
x
x
x
x
13 32 36
0 52 7
x
13 36 37
9 64 1
12 19 17
4 19 39
x
12 92 13
8 80 33
0 36 21
x
10 21 18
x
12 96 7
x
4 84 27
5 31 43
2 72 3
0 0 0
1 40 7
x
x
x
9 59 14
8 67 42
2 58 12
4 53 44
14 92 37
5 36 16
11 62 10
x
11 68 6
12 53 32
13 94 32
x
13 40 40
9 88 2
15 40 31
10 61 28
11 71 3
11 6 36
13 44 34
14 0 11
x
x
3 15 13
14 3 33
x
0 21 4
8 21 6
1 60 37
7 12 36
3 42 26
10 81 40
14 70 12
12 58 33
x
15 63 12
4 58 34
14 72 6
x
0 57 8
x
x
5 73 20
13 24 16
13 0 8
x
1 20 4
7 60 20
x
x
1 82 14
0 26 5
x
12 99 19
7 35 32
15 4 40
1 49 8
0 94 15
x
11 23 17
1 87 15
1 92 16
12 78 44
11 16 41
11 11 37
4 89 28
10 37 14
x
x
1 0 0
14 74 3
5 81 11
3 32 3
3 36 4
3 63 5
x
8 88 34
14 96 34
13 3 9
15 66 14
x
5 39 44
5 50 35
11 38 20
x
x
2 10 18
x
13 6 6
x
4 24 4
2 37 24
12 0 36
x
x
9 71 10
11 94 19
x
2 0 16
x
9 85 6
12 45 28
5 77 21
x
x
7 63 21
x
13 49 38
8 72 43
14 76 4
14 62 20
x
x
6 0 43
x
4 94 29
2 53 27
3 95 34
1 28 5
6 34 36
7 66 22
7 3 40
8 76 44
x
5 15 39
10 18 3
x
x
15 93 25
x
6 38 37
x
13 9 3
x
2 95 35
3 53 30
10 65 29
x
2 79 31
7 40 33
7 81 17
13 56 39
x
x
10 69 30
x
x
x
x
15 9 41
x
x
10 46 15
10 93 16
9 66 15
x
4 37 5
14 78 5
5 84 22
2 25 21
x
x
7 16 37
13 53 17
15 13 42
4 64 30
11 65 42
14 8 35
x
0 43 22
13 72 19
x
x
3 78 31
x
2 5 17
x
15 95 26
12 47 29
14 13 41
3 58 27
3 5 18
9 16 24
9 75 16
6 8 44
13 12 4
12 4 37
0 62 9
0 41 23
x
10 73 31
11 77 43
x
11 42 21
2 15 19
x
14 18 42
8 84 27
4 68 31
8 92 28
x
13 74 20
15 42 38
11 74 4
9 19 25
13 76 21
x
x
x
15 17 43
x
2 29 22
15 69 15
x
x
x
6 73 12
9 24 38
12 40 0
7 69 23
12 22 20
x
3 65 1
7 72 14
x
x
x
10 15 13
14 99 21
4 29 40
15 97 6
12 25 21
0 5 1
15 44 39
4 72 32
11 18 40
14 80 1
x
x
10 87 34
x
4 76 33
10 24 4
3 0 17
5 88 23
7 45 26
10 27 5
1 55 9
x
13 79 22
15 72 16
x
2 33 23
12 28 22
x
14 23 30
x
0 67 10
4 41 6
2 62 28
x
9 0 29
3 28 24
x
9 4 30
x
14 82 2
8 26 0
12 8 40
1 62 10
12 31 23
x
7 50 18
5 0 0
7 85 7
x
12 80 27
5 19 40
x
5 54 24
x
4 0 35
x
11 79 5
4 62 2
5 59 25
10 99 10
9 27 39
15 75 17
1 5 1
x
11 88 2
7 6 41
9 80 11
10 77 32
5 45 38
9 90 12
15 46 44
5 64 18
x
x
11 97 24
x
6 83 27
12 82 10
x
4 33 41
14 84 0
0 11 2
x
10 90 19
0 74 11
11 82 0
9 30 20
10 30 0
x
8 31 1
5 93 14
1 67 11
7 55 19
13 81 23
2 83 32
x
2 41 25
3 10 19
x
3 82 32
9 33 21
x
11 90 34
x
10 96 24
15 21 13
8 7 11
13 60 44
12 63 41
15 78 19
x
0 31 6
15 25 18
14 53 31
10 33 1
15 84 20
11 28 38
x
15 48 7
5 97 1
8 96 7
12 12 38
10 40 2
x
9 8 31
9 95 13
6 87 28
14 86 27
6 42 15
6 46 16
3 67 28
2 67 29
x
9 36 22
x
15 32 28
x
6 13 39
0 79 12
12 49 30
8 4 12
11 46 22
4 99 0
6 6 3
2 20 20
1 10 2
8 36 2
x
12 34 25
6 50 17
7 75 15
14 28 43
x
6 18 40
11 33 39
13 26 12
10 0 7
x
10 5 8
x
12 68 42
10 43 41
3 24 23
9 39 23
x
x
6 70 2
x
0 48 43
14 33 13
7 89 8
8 41 35
x
13 99 13
10 49 42
6 91 29
15 99 22
x
x
13 64 14
12 51 31
x
x
12 73 43
x
x
x
13 68 15
x
x
9 43 26
8 9 13
x
1 45 44
x
6 23 41
1 97 38
x
10 52 43
7 9 42
x
x
14 88 32
14 56 7
6 28 42
11 0 25
x
3 73 29
4 80 26
x
x
13 15 5
x
11 50 23
0 72 24
8 56 14
x
5 23 41
11 3 35
14 59 8
x
4 45 42
3 19 20
4 5 36
15 50 8
15 0 33
x
8 46 36
6 95 24
1 72 12
0 84 13
6 54 7
0 99 25
10 10 9
x
x
8 99 15
13 18 2
x
x
x
x
5 27 42
x
x
6 58 8
15 2 35
12 37 26
12 84 11
x
14 90 36
10 55 44
x
x
x
x
x
15 36 29
13 83 24
7 78 16
14 38 18
x
1 38 26
5 5 36
9 46 18
x
x
4 10 37
1 33 6
12 88 16
15 52 9
13 21 0
x
x
x
6 76 34
13 85 25
1 77 13
x
x
6 62 9
x
8 12 3
9 12 32
5 10 37
7 20 25
2 74 30
x
15 87 21
x
15 90 22
x
14 43 28
0 89 14
7 93 9
11 85 1
3 38 25
8 15 4
11 54 26
x
x
8 51 37
8 0 10
x
12 42 35
x
x
14 64 9
8 18 5
x
x
13 87 26
2 49 26
8 58 40
x
11 58 8
10 83 33
7 0 39
x
2 87 33
3 86 33
6 66 10
10 58 27
14 67 10
x
11 60 9
x
x
14 48 29
2 91 34
x
12 86 12
x
14 26 17
4 49 43
